2.414712536000754913e-03
2.386710817387324712e-03
3.212766837454531649e-04
4.547397662012456210e-02
5.371085619137767886e-02
6.714664602764400247e-02
2.182898681933317063e-03
1.717598430808202781e-03
3.743950342836011003e-04
4.620468851665467114e-02
5.499465451326428223e-02
7.051965491172340617e-02
2.602507838256291200e-03
2.073675136094664268e-03
4.854370067529524936e-04
4.743390565336778192e-02
5.633284442464455560e-02
7.322077338070039076e-02
2.426995183471797150e-03
2.804668392314154865e-03
3.528257810077194048e-04
4.950883076362330021e-02
5.812964491258792998e-02
7.228988697645991057e-02
3.183283393711590099e-03
2.098118299075719430e-03
2.715608421010049845e-04
5.179757174338653347e-02
5.949620009186838004e-02
7.352415366105712058e-02
1.699610409212831642e-03
1.837453520789896193e-03
5.773282916092251560e-04
6.032119006943072875e-02
6.959658096131825233e-02
7.852732613144917939e-02
1.580452746275502317e-03
1.599733364218788477e-03
6.600227684410503925e-04
5.926347730957198107e-02
6.774674309892804447e-02
8.116769721031491525e-02
1.798074986801529145e-03
1.945527591416467295e-03
5.438216595354544583e-04
6.327761408073416527e-02
7.355598905976848401e-02
8.202443644825757607e-02
1.706783857783885933e-03
1.842606799847977669e-03
5.290879249707001021e-04
5.314136032958265837e-02
6.172527759657624874e-02
7.955396126606302520e-02
1.581544666768459071e-03
1.686200554047551006e-03
3.680337514428370775e-04
4.972989801089045675e-02
5.777981853258963574e-02
7.510786199375193983e-02
1.549944460570597433e-03
1.608107627390784836e-03
4.470458692924504955e-04
5.239733814716276278e-02
6.099270454248410106e-02
7.597286153628503291e-02
1.830349952401750992e-03
1.712398413698676403e-03
4.761731800709509172e-04
5.330118303809850550e-02
6.206996620923020680e-02
7.606728299893757150e-02
1.723278451338937541e-03
1.681706327344147491e-03
3.222625356532608678e-04
4.855393083020549672e-02
5.671664430475895080e-02
7.138436759575619850e-02
1.582464365002094310e-03
1.675146850496761096e-03
3.022858465299076516e-04
4.486458048604517745e-02
5.205824403550785018e-02
6.416353692327828040e-02
2.238364268955678974e-03
2.284223832618081842e-03
3.186718747732651897e-04
4.578294686305714456e-02
5.325289692093137378e-02
6.742953767678594446e-02
2.063093939002885215e-03
1.875958016612526078e-03
2.651450547965170383e-04
4.952080513229249747e-02
5.719743053995136189e-02
7.050836407658445104e-02
